30778550
97538957
100681897
129559141
263892528
483653231
615633540
2044915223
6757236709
7319890725
7532426578
1873944
1937589
5532748
24908229
27826076
30778550
39998116
44702121
50506528
57276249
64046427
64616804
64763673
65629614
69445199
73043894
73216569
73983760
76414626
86926205
87668879
89526805
90479410
91182739
91297142
94949077
100681897
107357628
107694178
108854941
109588940
110872961
118822011
120296622
129559141
131082917
137278386
139523034
139578158
141974579
142672694
151156361
151256732
155347765
159792528
159982329
165819884
178185501
178837855
179319797
181743046
182776391
183858437
184754067
186100144
190173247
190344196
196466876
200349132
203626799
204191974
207289386
207327455
207903460
210357771
215339135
216511437
219653501
241576585
244514931
251212746
252645404
253296209
258016119
259188574
263892528
265949725
269571761
273962170
278025359
286471369
291565709
293483048
294396688
297353638
297378545
305871798
306879508
309297071
312807083
320930950
321133383
323461038
326710140
327523780
328331833
330914138
341028639
341787831
342202940
343146537
351043302
351126044
358610052
359091388
359384344
361853623
366776693
375082327
375675357
380365581
380963818
384519825
386274444
387773200
391528235
391591892
392605666
394841685
395493062
397900060
401211114
401984170
403456765
406338059
407440282
408250640
408612237
412642987
416775353
417486684
417789474
420161626
422751340
425428015
427183842
427930634
430158314
432746429
439555772
441449445
442568240
443076042
446073955
446378180
447475227
448394162
448792901
449225307
449733117
454830954
454855234
455534966
458869519
463129950
463133257
465228571
466469120
466480727
466692293
467802001
468960807
469897785
470052672
471376381
471400262
471831739
478719989
479926438
483653231
486164252
488344426
488400719
492006121
493850760
498317510
499121767
501205667
502133690
505295593
506122854
507435495
509597453
513366436
517537174
518183871
520143939
520607128
521279149
523912110
528181758
529431235
531199822
533260746
533406752
533781869
534278042
534961517
536893915
552862765
563026902
564257277
568878785
569642512
569965895
570348187
572400691
574463684
584026372
584307327
590492085
595537833
599239612
602083527
604219619
609088112
609908148
614703876
620304257
625114784
630327195
641933835
642933619
644025134
648478863
648709035
659773038
661366349
664747542
667975041
668605360
669068513
672638055
672780112
677830434
687127600
688743996
689923585
690771726
692712964
693833522
694748564
694843496
695760305
697560076
701627127
701897994
712783648
717113128
730322754
732020026
740722515
740741508
743930065
749616399
758352191
759702737
769095303
771394672
773227353
774630951
780178134
788922069
793006091
797999052
807132173
809274322
812285154
814450918
821438884
831303430
832748058
835435220
839095986
844454912
844666491
854843666
864383908
878945634
894759612
896303432
899514474
901046071
907969435
913060059
913153421
919284680
938997310
954145368
959000904
963293176
972792552
979564015
980445388
981298051
981874076
985375751
986830480
990025893
992535352
993724515
999358168
1010736850
1012338385
1013007547
1017891505
1020821974
1021482124
1026349883
1026478309
1039095286
1041658025
1045483957
1053002028
1056991820
1069192842
1071630945
1107131205
1107663043
1111004264
1113965999
1115920009
1128296310
1137140016
1147836539
1156045892
1170177550
1179166550
1187109278
1190516519
1192556361
1193552691
1212079779
1219356817
1230121194
1234104036
1235545883
1235736373
1247048400
1247389688
1260850597
1275040122
1289706186
1290696810
1297642723
1301690108
1305966463
1331905484
1346422196
1353331088
1361050629
1365938119
1366075127
1405786762
1414968727
1416848178
1420399561
1424956416
1429840171
1433423748
1448244287
1455748524
1487223858
1499794655
1516130779
1525620322
1550979027
1557052040
1567567516
1581391800
1625186734
1626725371
1630565440
1632249459
1634084971
1646343418
1652022333
1670140013
1675146221
1694183331
1695285729
1698114147
1699533826
1704800981
1740861928
1747918503
1780531300
1783681961
1813923990
1825894723
1829379250
1835408178
1847974164
1853930790
1876214969
1886593991
1910178830
1913995981
1915248912
1921582738
1929562251
1938234216
1943300474
1945855525
1950859776
1956773951
1987965968
2009433610
2012617221
2095730617
2104796428
2137252966
2139843647
2144512595
5011982271
5027798469
5030726209
5032774650
5035957683
5040904432
5050388246
5076084518
5077057159
5097875020
5103460129
5105140530
5117890300
5124882856
5147538201
5157777990
5165714935
5166287970
5171126016
5189089480
5190170971
5223839531
5268571947
5289376157
5293482327
5326316596
5335056466
5348966883
5437794318
5450362896
5508724564
5531764253
5553560167
5618251977
5621181184
5631152079
5663833434
5706087299
5744791170
5838425528
5845966342
5852809529
5894278852
5974365728
5976053635
6016433516
6042616580
6067118148
6070026550
6092936015
6121231963
6168239737
6170437793
6220186943
6222272909
6223712629
6223859831
6244507583
6258919405
6261376975
6299917774
6364832549
6410672826
6424740013
6438685746
6456887304
6499598201
6510609520
6522133669
6531534893
6538551355
6578955397
6618506260
6634229243
6636913864
6643713138
6662298432
6700184503
6716873498
6742447740
6744899791
6757236709
6765112888
6823845939
6829408291
6835716052
6845357216
6866092319
6878462090
6887725243
6928641652
6933999742
6947972827
6970371241
7017309981
7099143467
7117309689
7151293032
7209155939
7229835129
7249378886
7256948669
7307618169
7318088881
7319890725
7343522262
7373562499
7375672798
7406344838
7435962050
7531914601
7532426578
7802478511
7805743230
7907151932
7926388579
7958146522
7988059041
8067254165
8092621444
8197250308
8200090595
8253246411
8255227485
8699039253